100
100
100
100
100
100
100
100
100
100
100
100
100
100
100
100
100
100
100
100
100
100
100
100
100
100
100
100
100
100
657
1769
2371
2604
2630
2534
2379
2194
2003
1818
1639
1478
1329
1197
1076
972
876
795
721
653
591
542
495
455
421
391
362
336
313
293
276
259
247
234
223
211
202
196
189
181
177
172
166
164
160
155
153
149
149
145
143
138
136
136
134
132
132
132
132
130
128
126
126
123
123
121
119
119
117
117
117
117
115
115
115
115
113
111
111
111
111
111
111
109
106
109
104
104
104
104
102
104
102
104
102
102
100
100
100
100
100
100
202
196
189
181
177
172
166
164
160
155
153
149
149
145
143
138
136
136
134
132
132
132
132
132
