100
100
100
100
100
100
100
100
100
100
100
100
100
100
100
100
100
100
100
100
100
100
100
100
100
100
100
100
100
100
510
1327
1769
1941
1960
1890
1776
1640
1499
1363
1232
1113
1003
907
817
741
671
611
556
506
461
425
391
361
336
314
292
273
256
242
230
217
208
198
191
181
175
170
166
159
156
153
148
147
144
141
139
136
136
133
131
128
127
127
125
123
123
123
123
122
120
119
119
117
117
116
114
114
113
113
113
113
111
111
111
111
109
108
108
108
108
108
108
106
105
106
103
103
103
103
102
103
102
103
102
102
100
100
100
100
100
100
175
170
166
159
156
153
148
147
144
141
139
136
136
133
131
128
127
127
125
123
123
123
123
123
