150
150
150
150
150
150
150
150
150
150
150
150
150
150
150
150
150
150
150
150
150
150
150
150
150
150
150
150
150
150
281
543
684
739
745
723
686
643
598
554
512
474
439
408
380
355
333
314
296
280
266
254
243
234
226
219
212
206
200
196
192
188
185
182
179
176
174
173
171
169
168
167
166
165
164
163
163
162
162
161
160
159
159
159
158
158
158
158
158
157
157
156
156
156
156
155
155
155
154
154
154
154
154
154
154
154
153
153
153
153
153
153
153
152
152
152
151
151
151
151
151
151
151
151
151
151
150
150
150
150
150
150
174
173
171
169
168
167
166
165
164
163
163
162
162
161
160
159
159
159
158
158
0
0
0
0
