100
100
100
100
100
100
100
100
100
100
100
100
100
100
100
100
100
100
100
100
100
100
100
100
100
100
100
100
100
100
362
885
1168
1278
1290
1245
1172
1085
995
908
824
748
678
616
559
510
465
427
392
360
331
308
286
267
251
237
223
211
200
191
183
175
169
163
158
152
148
145
142
138
136
134
131
130
128
126
125
123
123
121
120
118
117
117
116
115
115
115
115
114
113
112
112
111
111
110
109
109
108
108
108
108
107
107
107
107
106
105
105
105
105
105
105
104
103
104
102
102
102
102
101
102
101
102
101
101
100
100
100
100
100
100
148
145
142
138
136
134
131
130
128
126
125
123
123
121
120
118
117
117
116
115
115
115
115
115
