100
100
100
100
100
100
100
100
100
100
100
100
100
100
100
100
100
100
100
100
100
100
100
100
100
100
100
100
100
100
805
2211
2972
3268
3300
3179
2983
2749
2507
2273
2047
1843
1654
1488
1334
1203
1082
979
885
799
721
659
600
549
506
468
431
398
369
345
323
302
286
269
256
240
229
221
213
202
197
191
183
181
175
170
167
162
162
156
154
148
146
146
143
140
140
140
140
138
135
132
132
130
130
127
124
124
122
122
122
122
119
119
119
119
116
113
113
113
113
113
113
111
108
111
105
105
105
105
103
105
103
105
103
103
100
100
100
100
100
100
229
221
213
202
197
191
183
181
175
170
167
162
162
156
154
148
146
146
143
140
140
140
140
140
