0086
0086
0086
0086
0086
0086
0086
0086
0086
0086
0085
0085
0085
0086
03F0
03F0
0086
0086
0086
0086
0086
0086
0086
0086
0086
0086
0086
0086
0086
0086
0119
021e
02ac
02e3
02e9
02e9
02ae
0282
0256
022a
0200
01da
01b7
0198
017c
0163
014c
013a
0128
0118
010a
00fe
00f3
00ea
00e2
00da
00d4
00ce
00c8
00c4
00c0
00bc
00b8
00b6
00b3
00b0
00ae
00ac
00ab
00a9
00a8
00a7
00a6
00a5
00a4
00a3
00a2
00a2
00a2
00a0
00a0
009f
009e
009e
009e
009e
009e
009e
009e
009d
009c
009c
009c
009c
009c
009b
009a
009a
009a
009a
009a
009a
009a
009a
009a
009a
0099
0098
0098
0098
0098
0098
0098
0098
0098
0098
0097
0097
0097
0097
0096
0097
0096
0097
0096
0096
0096
0096
0086
0086
0086
0086
0086
0086
0086
0086
0086
0086
0085
0085
0085
0086
0086
0086
0086
0086
0086
0086
0086
0086
0086
0086
0086
0086
0086
0086
0086
0086
0119
021e
02ac
02e3
02e9
02d2
02ae
0282
0256
022a
0200
01da
01b7
0198
017c
0163
014c
013a
0128
0118
010a
00fe
00f3
00ea
00e2
00da
00d4
00ce
00c8
00c4
00c0
00bc
00b8
00b6
00b3
00b0
00ae
00ac
00ab
00a9
00a8
00a7
00a6
00a5
00a4
00a3
00a2
00a2
00a2
00a0
00a0
009f
009e
009e
009e
009e
009e
009e
009e
009d
009c
009c
009c
009c
009c
009b
009a
009a
009a
009a
009a
009a
009a
009a
009a
009a
0099
0098
0098
0098
0098
0098
0098
0098
0098
0098
0097
0097
0097
0097
0096
0097
0096
0097
0096
0096
0096
000f
0086
0086
0086
0086
0086
0086
0086
0086
0086
0086
0085
0085
0085
0086
0086
0086
0086
0086
0086
0086
0086
0086
0086
0086
0086
0086
0086
0086
0086
0086
0086
0086
0086
0086
0086
0086
0086
0086
0086
0086
0085
0085
0085
0086
0086
0086
0086
0086
0086
0086
0086
0086
0086
0086
0086
0086
0086
0086
0086
0086
0086
0086
0086
0086
0086
0086
0086
0086
0086
0086
0085
0085
0085
0086
0086
0086
0086
0086
0086
0086
0086
0086
0086
0086
0086
0086
0086
0086
0086
0086
0086
0086
0086
0086
0086
0086
0086
0086
0086
0086
0085
0085
0085
0086
0086
0086
0086
0086
0086
0086
0086
0086
0086
0086
0086
0086
0086
0086
0086
0086
0086
0086
0086
0086
0086
0086
0086
0086
0086
0086
0085
0085
0085
0086
0086
0086
0086
0086
0086
0086
0086
0086
0086
0086
0086
0086
0086
0086
0086
0086
0086
0086
0086
0086
0086
0086
0086
0086
0086
0086
0085
0085
0085
0086
0086
0086
0086
0086
0086
0086
0086
0086
0086
0086
0086
0086
0086
0086
0086
0086
0086
0086
0086
0086
0086
0086
0086
0086
0086
0086
0085
0085
0085
0086
0086
0086
0086
0086
0086
0086
0086
0086
0086
0086
0086
0086
0086
0086
0086
0086
0119
021e
02ac
02e3
02e9
02d2
02ae
0282
0256
022a
0200
01da
01b7
0198
017c
0163
014c
013a
0128
0118
010a
00fe
00f3
00ea
00e2
00da
00d4
00ce
00c8
00c4
00c0
00bc
00b8
00b6
00b3
00b0
00ae
00ac
00ab
00a9
00a8
00a7
00a6
00a5
00a4
00a3
00a2
00a2
00a2
00a0
00a0
009f
009e
009e
009e
009e
009e
009e
009e
009d
009c
009c
009c
009c
009c
009b
009a
009a
009a
009a
009a
009a
009a
009a
009a
009a
0099
0098
0098
0098
0098
0098
0098
0098
0098
0098
0097
0097
0097
0097
0096
0097
0096
0097
0096
0096
0096
0096
0086
0086
0086
0086
0086
0086
0086
0086
0086
0086
0085
0085
0085
0086
0086
0086
0086
0086
0086
0086
0086
0086
0086
0086
0086
0086
0086
0086
0086
0086
0119
021e
02ac
02e3
02e9
02d2
02ae
0282
0256
022a
0200
01da
01b7
0198
017c
0163
014c
013a
0128
0118
010a
00fe
00f3
00ea
00e2
00da
00d4
00ce
00c8
00c4
00c0
00bc
00b8
00b6
00b3
00b0
00ae
00ac
00ab
00a9
00a8
00a7
00a6
00a5
00a4
00a3
00a2
00a2
00a2
00a0
00a0
009f
009e
009e
009e
009e
009e
009e
009e
009d
009c
009c
009c
009c
009c
009b
009a
009a
009a
009a
009a
009a
009a
009a
009a
009a
0099
0098
0098
0098
0098
0098
0098
0098
0098
0098
0097
0097
0097
0097
0096
0097
0096
0097
0096
0096
0096
000f
0086
0086
0086
0086
0086
0086
0086
0086
0086
0086
0085
0085
0085
0086
0086
0086
0086
0086
0086
0086
0086
0086
0086
0086
0086
0086
0086
0086
0086
0086
0086
0086
0086
0086
0086
0086
0086
0086
0086
0086
0085
0085
0085
0086
0086
0086
0086
0086
0086
0086
0086
0086
0086
0086
0086
0086
0086
0086
0086
0086
0086
0086
0086
0086
0086
0086
0086
0086
0086
0086
0085
0085
0085
0086
0086
0086
0086
0086
0086
0086
0086
0086
0086
0086
0086
0086
0086
0086
0086
0086
0086
0086
0086
0086
0086
0086
0086
0086
0086
0086
0085
0085
0085
0086
0086
0086
0086
0086
0086
0086
0086
0086
0086
0086
0086
0086
0086
0086
0086
0086
0086
0086
0086
0086
0086
0086
0086
0086
0086
0086
0085
0085
0085
0086
0086
0086
0086
0086
0086
0086
0086
0086
0086
0086
0086
0086
0086
0086
0086
0086
0086
0086
0086
0086
0086
0086
0086
0086
0086
0086
0085
0085
0085
0086
0086
0086
0086
0086
0086
0086
0086
0086
0086
0086
0086
0086
0086
0086
0086
0086
0086
0086
0086
0086
0086
0086
0086
0086
0086
0086
0085
0085
0085
0086
0086
0086
0086
0086
0086
0086
0086
0086
0086
0086
0086
0086
0086
0086
0086
0086